99669
99690
99698
99689
99764
99722
99725
99651
99606
99540
99495
99454
99392
99342
99285
99213
99185
99150
99134
99194
99208
99234
99271
99319
99338
99364
99414
99445
99484
99564
99625
99690
99752
99801
99852
99899
99948
100010
100059
100099
100152
100154
100178
100192
100198
100217
100238
100227
100234
100245
100238
100230
100234
100215
100198
100183
100143
100106
100079
100038
100010
99983
99937
99918
99881
99843
99804
99790
99750
99720
99719
99708
99704
99704
99673
99659
99656
99622
99590
99575
99539
99507
99494
99448
99408
99401
99373
99356
99371
99344
99316
99307
99263
99237
99253
99238
99233
99253
99254
99274
99318
99339
99365
99406
99415
99436
99473
99488
99497
99522
99522
99533
99570
99558
99544
99546
99507
99472
99454
99415
99384
99384
99359
99340
99332
99295
99259
99253
99241
99234
99249
99241
99250
99290
99306
99335
99381
99394
99411
99452
99461
99484
99513
99510
99518
99549
99558
99554
99560
99534
99503
99488
99442
99411
99400
99372
99355
99356
99320
99291
99275
99241
99237
99250
99237
99237
99266
99278
99302
99351
99369
99390
99427
99440
99457
99500
99501
99506
99534
99537
99554
99570
99548
99530
99519
99476
99438
99427
99388
99368
99371
99344
99316
99307
99263
99237
99253
99238
99233
99253
99254
99274
99318
99339
99365
99406
99415
99436
99473
99488
99497
99522
99522
99533
99570
99558
99544
99546
99507
99472
99454
99415
99384
99384
99359
99340
99332
99295
99259
99253
99241
99234
99249
99241
99250
99290
99306
99335
99381
99394
99411
99452
99461
99484
99513
99510
99518
99549
99558
99554
99560
99534
99503
99488
99442
99411
99400
99372
99355
99356
99320
99291
99275
99241
99237
99250
99237
99237
99266
99278
99302
99351
99369
99390
99427
99440
99457
99500
99501
99506
99534
99537
99554
99570
99548
99530
99519
99476
99438
99427
99388
99368
99371
99344
99316
99307
99263
99237
99253
99238
99233
99253
99254
99274
99318
99339
99365
99406
99415
99436
99473
99488
99497
99522
99522
99533
99570
99558
99544
99546
99507
99472
99454
99415
99384
99384
99359
99340
99332
99295
99259
99253
99241
99234
99249
99241
99250
99290
99306
99335
99381
99394
99411
99452
99461
99484
99513
99510
99518
99549
99558
99554
99560
99534
99503
99488
99442
99411
99400
99372
99355
99356
99320
99291
99275
99241
99237
99250
99237
99237
99266
99278
99302
99351
99369
99390
99427
99440
99457
99500
99501
99506
99534
99537
99554
99570
99548
99530
99519
99476
99438
99427
99388
99368
99371
99344
99316
99307
99263
99237
